8 404
14 106
20 891
23 15
32 300
33 276
40 515
43 98
45 159
54 959
55 141
56 526
57 836
58 632
60 337
69 568
71 252
73 982
76 855
82 617
84 419
86 878
90 979
91 13
92 383
93 708
96 581
102 993
103 144
107 307
108 513
110 516
112 828
113 506
115 918
117 986
119 901
121 758
123 433
126 903
130 607
133 101
134 52
135 272
136 541
138 555
139 343
140 702
143 99
145 482
146 563
147 791
148 27
149 507
150 818
151 116
154 378
157 31
158 596
160 911
163 550
166 277
167 370
170 535
171 155
172 114
173 942
175 494
177 409
178 894
182 739
188 984
191 773
192 943
193 980
194 128
196 892
197 122
198 609
199 385
200 174
204 97
208 228
212 777
213 79
214 746
217 22
222 834
223 64
225 737
226 287
230 625
231 669
232 332
233 85
235 309
236 49
237 449
238 450
242 567
243 470
244 558
246 875
248 760
250 622
251 998
253 623
254 723
256 584
258 650
259 72
260 429
261 592
262 910
265 877
266 798
267 176
268 377
269 972
270 759
274 395
275 523
281 501
282 219
284 354
289 24
290 794
294 862
296 927
298 283
301 142
303 313
305 255
308 612
310 865
312 780
314 483
317 279
318 183
320 118
321 912
322 299
324 620
325 766
326 603
327 734
328 821
330 655
331 705
334 801
339 477
340 257
341 4
342 882
345 439
347 626
348 400
350 35
356 564
360 786
362 697
364 691
366 190
367 553
371 551
376 70
381 820
382 189
384 425
389 426
390 94
392 638
397 286
398 996
401 521
402 131
403 732
405 729
407 605
408 202
411 694
413 416
417 53
420 754
421 422
423 457
424 125
428 21
431 153
432 216
434 415
435 475
437 336
438 218
443 111
444 675
445 990
446 319
447 355
448 16
451 575
452 179
453 679
454 665
455 639
456 394
458 430
459 785
460 687
461 441
462 636
464 50
465 651
469 295
471 544
473 442
474 631
476 703
478 510
480 472
485 738
488 764
490 983
491 724
492 874
498 263
499 29
503 34
505 224
508 88
509 7
512 749
514 466
517 137
518 647
519 504
520 610
522 36
524 649
528 965
529 87
531 613
532 249
536 361
537 963
543 481
546 680
547 839
549 406
552 660
554 59
557 863
561 344
562 9
566 565
569 750
572 975
573 436
574 795
577 83
579 881
580 81
587 582
588 396
589 847
591 955
594 311
599 924
600 542
601 391
602 414
604 41
606 132
608 857
614 530
615 487
618 548
619 968
621 387
627 368
630 861
633 672
635 922
637 830
641 352
642 62
643 247
644 539
652 210
653 335
656 533
657 598
659 168
662 560
663 951
664 467
666 393
668 556
670 956
671 772
673 534
674 410
676 973
678 399
681 677
682 209
683 893
685 369
686 264
688 48
690 832
693 987
695 735
696 338
700 634
704 736
707 934
709 727
710 571
711 358
712 61
714 30
715 944
716 570
718 756
719 329
720 42
721 545
728 802
731 846
733 363
741 227
742 946
743 359
744 540
745 883
747 374
748 206
751 829
752 761
753 304
755 667
757 945
763 186
765 831
767 357
768 804
769 19
775 797
776 803
778 870
779 440
781 590
782 808
783 185
784 884
788 271
789 203
790 105
792 864
793 525
796 306
799 701
800 595
805 684
806 730
807 597
809 484
810 351
811 18
813 207
817 205
819 273
823 496
824 221
825 152
826 866
833 725
837 822
838 991
840 976
841 958
842 278
843 365
844 349
845 640
848 511
849 654
850 860
852 854
856 770
858 418
859 578
867 463
868 661
869 201
871 559
872 302
876 220
879 109
880 280
885 947
886 624
887 593
888 815
889 950
890 292
895 698
896 479
897 962
899 527
900 771
905 380
907 74
908 120
909 195
914 717
915 285
916 65
917 495
919 812
920 726
921 939
923 699
925 611
926 740
928 930
929 583
931 628
932 17
933 658
936 706
937 427
938 493
940 629
941 77
948 104
949 762
952 315
953 689
954 576
957 10
960 323
961 375
964 827
966 616
967 379
969 853
970 46
971 291
974 904
977 38
978 100
981 935
985 906
989 497
992 388
994 835
995 89
997 211
1000 646
Emparelhamento: 461