1 8218
2 10
5 7332
7 7432
13 5155
15 6601
18 917
26 3943
29 8586
35 6628
37 507
39 1379
41 1465
44 5550
48 8575
52 9681
55 406
63 3043
66 146
67 9409
72 1214
73 9064
76 7497
77 8380
79 3298
80 5922
82 9512
90 9741
97 8744
101 418
102 847
104 360
106 5171
108 2706
110 474
115 3732
116 2639
117 2728
118 3400
120 7602
122 1644
132 7472
133 7811
134 7157
135 2292
136 606
139 4493
140 6268
149 7665
154 6236
157 4867
160 4064
165 1367
167 512
178 5097
179 1442
188 8878
213 9053
215 1537
222 9540
227 505
229 3416
234 5774
235 9105
236 7336
242 709
249 6526
250 8794
253 5766
254 1685
255 3912
257 8281
262 6935
271 9095
278 5602
280 1677
285 6904
295 2095
300 8318
301 3251
303 2583
304 7031
305 7002
306 8325
308 6688
309 2813
312 3720
316 2176
317 5133
318 6274
323 5785
324 9710
325 669
326 8631
332 8868
335 9405
336 5925
341 1329
342 5938
347 4694
349 513
350 804
353 5300
356 2521
357 5750
367 1874
372 4357
375 4177
376 5630
385 3111
394 9150
395 9489
396 8368
397 4016
399 2585
400 3530
401 8176
402 2127
407 6760
408 4970
411 1160
425 196
427 9074
429 7939
432 6027
435 5250
436 8140
437 840
438 4794
442 2005
443 3453
445 1807
453 3821
459 4100
460 3556
473 1694
479 6489
483 1618
486 1731
491 7848
494 5832
515 9541
518 9922
522 2609
523 8994
524 3018
525 9205
527 7945
529 5863
530 2070
533 3766
538 8070
541 1368
542 7303
545 9559
549 8620
551 4483
553 8294
555 2720
557 5139
558 1741
562 9291
563 7068
570 6501
574 6992
584 1697
587 6152
589 202
591 8941
602 3482
611 176
612 999
613 9693
623 1654
624 5767
627 9869
629 1887
638 5983
639 5846
643 2285
652 9441
660 7216
663 531
668 3920
671 2045
672 8292
674 8462
682 200
683 5438
684 6798
691 6201
692 3321
694 5760
696 4476
697 9011
699 9555
700 4347
701 2227
705 9470
708 8416
717 5108
719 7817
722 6103
725 815
727 510
735 1484
737 2875
742 1732
744 2434
745 355
747 3810
748 9849
755 1040
764 6374
767 1444
772 119
773 9493
776 1349
777 9585
787 2322
788 571
790 5874
792 3618
793 7231
795 3550
798 8781
807 2561
808 3332
810 7545
811 7394
812 4949
825 5060
826 5184
827 8084
828 5733
829 2844
834 1203
838 9620
841 2054
842 124
852 6481
854 248
860 6745
862 6612
863 1162
864 8909
866 7259
871 4332
879 1709
880 3182
884 739
888 2330
890 1974
893 6587
895 2918
898 9082
903 9717
907 6865
910 6824
913 6567
915 9448
916 1154
924 6143
925 7056
926 9260
927 6517
933 6838
935 4651
938 1872
941 1932
943 8242
946 4540
948 1032
949 6357
961 8582
962 6665
968 7272
970 6098
976 5243
977 998
979 9984
980 1848
983 4851
986 7659
1005 8457
1007 8381
1008 9827
1010 820
1015 2349
1021 9663
1026 9776
1027 576
1028 8247
1034 1535
1038 2338
1041 6736
1043 726
1044 2815
1047 1748
1051 5604
1053 9317
1054 6626
1055 8036
1056 3225
1057 9673
1059 5787
1061 5693
1062 843
1065 8354
1067 3221
1068 6514
1070 5758
1073 2514
1075 5763
1076 7398
1079 5454
1082 5715
1084 2736
1087 5074
1093 9368
1094 211
1095 6029
1096 3176
1102 4854
1106 143
1107 7013
1110 3702
1111 8684
1113 3354
1114 1508
1115 4417
1118 6134
1120 9952
1121 7237
1126 2686
1127 7460
1133 6752
1135 5624
1136 9632
1140 8200
1142 8984
1143 485
1145 9122
1146 5920
1147 2525
1150 9506
1155 8086
1157 490
1158 8090
1159 3047
1165 7407
1167 7519
1169 2000
1170 8414
1171 4607
1172 1117
1175 1447
1176 4760
1177 6068
1178 511
1186 1714
1191 4795
1192 403
1194 8058
1195 1754
1196 4495
1197 5287
1198 8427
1199 2270
1201 1261
1202 4020
1205 3190
1207 8800
1209 7089
1210 4313
1216 791
1218 5609
1219 4062
1221 3068
1222 9668
1224 239
1226 706
1227 8422
1228 569
1232 921
1234 3275
1235 3844
1236 454
1237 8981
1238 2328
1239 6761
1241 3777
1243 9866
1247 359
1250 4947
1255 2758
1256 9879
1262 5518
1268 6605
1270 8394
1274 4499
1276 9577
1278 3988
1282 5990
1284 4386
1285 4704
1287 7813
1292 702
1303 3414
1309 1066
1312 1409
1313 4544
1314 7112
1315 9603
1319 9296
1321 2066
1322 4060
1325 4154
1330 5370
1331 6197
1332 3265
1335 4125
1337 7515
1340 4535
1350 4017
1352 9926
1354 9921
1355 1832
1356 457
1357 5369
1358 9202
1359 1509
1360 7978
1361 6363
1366 3428
1369 6279
1371 9993
1372 8718
1375 8551
1376 3934
1377 2112
1378 9401
1380 9467
1382 8734
1383 4559
1384 6253
1385 1797
1386 7836
1393 6337
1394 6686
1396 3852
1397 1193
1398 918
1399 1576
1402 1836
1403 6347
1407 197
1410 7230
1416 2842
1420 3067
1422 912
1423 4202
1424 4853
1426 2980
1427 3882
1428 3560
1429 9209
1434 4855
1436 9654
1438 8061
1439 3859
1441 374
1445 7330
1449 1166
1451 4790
1454 8663
1455 4036
1456 3447
1459 8340
1461 8541
1466 466
1467 49
1468 3873
1469 8104
1473 6073
1476 5877
1489 6184
1490 3141
1495 4577
1496 1016
1499 6701
1504 5669
1505 7865
1506 1756
1507 6912
1510 4022
1512 5730
1513 2224
1514 3956
1515 4370
1516 4576
1517 7608
1519 8524
1522 5172
1524 189
1525 2104
1530 2457
1531 6979
1532 3016
1533 8774
1534 8261
1539 7693
1544 9507
1545 3628
1546 7606
1548 2294
1554 2364
1555 1997
1557 5673
1558 8055
1560 6226
1565 3925
1567 7371
1569 1549
1570 1862
1571 7808
1572 9708
1573 3648
1577 5414
1578 1281
1579 6956
1583 1323
1584 3823
1585 4260
1586 6452
1591 5912
1592 673
1593 5229
1595 2753
1598 5499
1599 648
1601 4455
1602 5686
1603 3714
1605 6247
1609 7997
1611 8143
1612 7289
1614 5254
1616 3196
1620 1311
1625 4865
1627 4136
1629 4982
1630 4051
1631 9339
1634 9477
1636 8952
1640 391
1641 7523
1642 740
1643 3442
1646 2160
1647 3309
1651 552
1655 2644
1661 1098
1662 1680
1663 1103
1664 330
1666 5788
1667 7059
1670 5462
1671 5429
1681 7132
1683 6773
1686 2797
1690 4210
1691 9645
1696 9051
1698 1305
1700 1130
1702 5629
1703 644
1705 6603
1706 5076
1707 8814
1708 6806
1710 377
1717 8280
1718 1122
1722 2819
1723 909
1724 7427
1726 9714
1727 8759
1728 5089
1730 190
1734 8831
1735 6454
1737 4733
1738 4845
1739 8461
1742 8054
1746 8995
1747 7924
1749 3342
1751 92
1753 54
1759 4591
1761 6822
1769 8715
1774 7914
1781 1760
1782 4215
1784 1363
1786 1857
1788 4974
1790 4117
1791 7599
1792 3817
1794 5535
1795 9294
1796 8017
1798 4539
1799 1688
1800 5488
1806 2572
1810 4124
1811 3966
1814 2414
1819 4870
1828 4930
1831 6105
1833 2236
1837 4549
1838 2695
1839 6840
1840 8683
1841 8891
1842 5594
1843 1217
1844 1164
1845 5743
1846 2587
1850 4770
1852 6192
1854 1980
1855 848
1856 6703
1858 7403
1860 6149
1865 23
1866 5894
1868 1594
1869 718
1873 1870
1875 3707
1876 8869
1877 9381
1878 2081
1879 2581
1880 6205
1881 75
1884 6070
1885 8926
1888 2893
1891 3664
1892 4828
1895 9238
1896 809
1897 7353
1904 8709
1906 9517
1912 9382
1916 7839
1918 7319
1919 958
1920 5484
1921 1581
1922 2722
1923 2938
1924 7245
1927 8378
1928 2511
1929 4584
1934 8197
1936 7895
1938 7041
1940 9137
1943 7348
1946 514
1948 4752
1949 6346
1952 1185
1953 9605
1954 9656
1956 3128
1958 8392
1959 7176
1963 1725
1965 1138
1966 4515
1972 2027
1973 5467
1975 9061
1977 3769
1978 4966
1979 2584
1982 5631
1983 4724
1984 3547
1986 7542
1987 5515
1989 4371
1991 9242
1992 4729
1995 9942
1996 4472
2003 2126
2009 4644
2014 6641
2017 7853
2023 3223
2024 5188
2025 7369
2026 5632
2029 813
2031 9185
2033 9997
2035 5712
2036 7123
2039 9972
2041 5359
2042 3402
2044 1665
2046 1188
2048 4706
2049 4083
2050 6511
2051 431
2052 1497
2053 8672
2058 9008
2063 6551
2065 2479
2067 8640
2069 2510
2071 8351
2072 3590
2073 4048
2074 9177
2078 6747
2079 6826
2084 1479
2086 9131
2090 929
2092 5040
2093 4231
2094 8544
2096 4002
2097 8578
2098 5146
2099 2185
2101 9761
2102 894
2103 2047
2106 9651
2110 9117
2114 6520
2115 8729
2116 6934
2117 8983
2118 7239
2120 8274
2121 8886
2122 9571
2123 1914
2125 4010
2129 1821
2130 5085
2134 94
2137 8965
2138 9086
2139 7247
2140 7593
2141 5975
2142 7544
2144 9320
2145 8919
2149 5341
2150 8767
2151 4397
2153 8664
2154 5451
2159 6122
2161 2751
2162 9545
2166 3035
2167 5448
2169 6189
2170 7607
2172 5284
2173 7807
2174 9524
2175 2770
2177 7012
2179 5440
2180 9777
2181 6982
2188 9421
2191 8309
2193 2848
2198 802
2207 9699
2210 283
2211 5999
2212 6193
2216 6623
2221 1743
2226 1452
2229 1389
2231 1658
2232 920
2234 1491
2242 6544
2243 6845
2247 3020
2249 4477
2250 9319
2251 9901
2255 2682
2257 1370
2262 1263
2263 9007
2267 2884
2268 2559
2271 11
2273 4600
2277 9224
2279 7814
2281 8178
2282 346
2283 9588
2286 875
2289 6807
2290 6472
2291 3706
2293 536
2297 2396
2298 1295
2300 3487
2304 9669
2308 3942
2309 5063
2310 7696
2311 1621
2314 1419
2315 3432
2316 8305
2318 4633
2319 736
2323 3561
2324 934
2333 1981
2334 7477
2336 640
2340 6050
2342 821
2344 2390
2345 5019
2346 3237
2347 3299
2350 6436
2352 3334
2353 7315
2354 3164
2355 8266
2361 4263
2367 8732
2368 9986
2370 8345
2373 1220
2376 8979
2377 7170
2379 3749
2381 3009
2384 184
2386 707
2387 334
2388 7950
2389 2152
2391 5639
2392 9532
2394 8254
2395 4907
2408 1498
2410 3619
2413 9133
2416 2638
2417 2474
2418 1542
2419 600
2424 7051
2425 5037
2426 8963
2427 9284
2429 1692
2430 7085
2431 147
2433 7790
2438 1339
2439 8535
2441 9369
2442 1770
2443 1017
2444 2768
2445 9766
2446 7149
2449 9629
2455 8619
2456 1128
2459 1622
2462 156
2465 6218
2467 8005
2468 5951
2470 4905
2472 8167
2473 4077
2478 5862
2482 5956
2484 1134
2489 7340
2490 9390
2493 1803
2494 7420
2497 8397
2498 5330
2499 9487
2500 6045
2501 5208
2502 7709
2503 1867
2505 3328
2506 8649
2507 6835
2508 2182
2512 5319
2516 6790
2517 4432
2518 2238
2520 517
2522 9345
2523 4214
2526 3771
2529 2745
2532 1990
2536 9544
2537 7128
2539 2657
2540 100
2541 1988
2542 8676
2543 2083
2544 7335
2546 1225
2548 6019
2549 4341
2550 3953
2551 8138
2552 9153
2553 7131
2557 1939
2564 8970
2566 797
2568 5841
2575 6915
2577 9550
2579 5702
2580 9143
2582 3005
2586 5995
2588 5636
2589 21
2590 9711
2591 4687
2595 2964
2597 8823
2598 6495
2600 4543
2603 4474
2605 8850
2607 4703
2610 8069
2611 8375
2613 7527
2615 4110
2616 1381
2617 2809
2618 3893
2619 7223
2620 720
2621 3846
2623 6032
2624 6182
2625 4837
2626 7121
2627 4106
2628 5439
2631 2795
2635 9793
2636 9563
2641 2491
2642 4335
2643 1898
2648 2037
2650 5650
2651 2556
2654 2905
2656 5658
2658 8358
2659 6531
2662 3947
2663 891
2668 4915
2669 9775
2670 7975
2671 8429
2677 3977
2678 8793
2679 4667
2681 7541
2683 7462
2684 2461
2685 9282
2687 5547
2690 314
2693 7244
2694 6873
2696 9975
2698 8787
2699 8656
2701 817
2704 6161
2708 5044
2711 3986
2713 5772
2715 3053
2716 86
2717 1347
2721 7411
2724 1793
2725 2272
2726 2528
2727 3086
2730 2068
2731 3770
2734 7264
2737 4284
2738 8560
2740 2913
2741 206
2742 3650
2747 5941
2749 2365
2752 9354
2755 6954
2757 7912
2759 164
2762 9193
2763 1801
2764 1318
2776 4560
2777 3663
2782 4304
2783 1538
2784 6281
2786 7474
2794 8164
2798 760
2800 9960
2805 7096
2810 3461
2811 4107
2816 3124
2817 1575
2820 8033
2821 8643
2822 5997
2825 230
2826 2143
2827 7514
2828 9306
2832 2261
2834 313
2836 4113
2837 6667
2838 8688
2839 6329
2840 4758
2841 8222
2843 8113
2845 7447
2851 6373
2852 1304
2854 296
2858 5746
2862 4900
2866 6043
2869 8745
2870 5456
2871 4641
2883 3831
2887 4439
2888 5106
2894 4987
2897 7110
2899 9566
2900 526
2901 8971
2910 2504
2911 4701
2912 6271
2914 1033
2915 404
2916 8411
2917 7552
2919 3050
2920 1181
2921 5279
2922 3834
2923 7919
2926 2010
2927 7713
2928 9868
2929 1124
2934 8324
2937 7015
2939 4989
2942 4459
2943 4530
2944 2313
2946 2195
2947 4993
2949 2320
2950 2119
2951 9237
2955 6975
2956 7404
2957 2907
2958 1324
2959 2256
2960 698
2967 9075
2970 9254
2971 778
2972 9971
2974 4057
2975 7080
2976 6410
2978 8513
2979 9098
2983 6907
2984 2793
2986 6186
2988 6618
2989 3595
2990 645
2992 3376
2993 1345
2994 2680
2996 9644
3002 6741
3003 9216
3007 6725
3008 7658
3010 9220
3012 3744
3013 3110
3014 6284
3017 3000
3019 6813
3024 5215
3026 3493
3027 1252
3030 939
3032 430
3033 14
3036 2935
3038 2375
3040 4402
3041 5222
3042 2941
3046 9379
3051 5424
3052 2853
3055 3082
3057 6797
3058 4238
3059 6787
3060 7843
3063 6776
3064 3474
3071 6061
3072 8492
3075 292
3078 7765
3079 4976
3080 8573
3084 7670
3085 1552
3087 5276
3090 8772
3092 9802
3094 7941
3095 7812
3096 6574
3097 2280
3099 5224
3101 5890
3102 9941
3104 5324
3107 5351
3108 1568
3113 267
3114 1440
3115 5889
3116 8914
3120 4460
3127 7124
3130 1776
3132 8352
3134 2766
3136 8494
3143 4500
3145 3582
3146 3142
3147 6957
3148 4438
3150 2661
3152 7396
3154 174
3156 8572
3158 9589
3160 7920
3161 6183
3162 1244
3165 3155
3167 8576
3168 3867
3171 2476
3172 9813
3173 4435
3178 9799
3180 289
3181 8451
3184 690
3185 1478
3187 8944
3188 1112
3191 4732
3192 6961
3193 8415
3194 901
3197 7555
3198 2061
3200 2109
3201 4771
3204 1645
3205 1563
3206 1353
3208 9287
3210 1280
3212 839
3213 7077
3214 5596
3215 2488
3218 8964
3219 2422
3224 378
3227 6336
3228 6770
3233 7173
3234 2574
3235 5047
3236 4713
3238 98
3239 2225
3240 1248
3241 5666
3242 8013
3246 2458
3247 636
3249 2961
3252 7046
3253 4380
3258 2889
3260 5793
3262 5940
3263 3885
3266 6675
3268 5754
3269 9472
3271 750
3272 4892
3273 8805
3276 5701
3277 6708
3278 2020
3279 8453
3282 7478
3286 8008
3287 7263
3291 914
3292 3967
3293 8052
3294 7113
3295 5530
3296 2981
3300 4721
3301 6805
3305 6327
3306 1462
3310 7095
3312 8315
3313 3581
3314 2362
3316 8344
3317 7624
3318 5542
3319 877
3322 5961
3323 6258
3324 3105
3326 9727
3330 5700
3333 1809
3337 3745
3341 311
3343 1632
3344 1090
3348 3023
3349 3444
3351 2760
3352 7457
3353 6560
3357 7826
3358 9590
3359 4243
3360 1430
3364 4462
3365 3455
3366 7038
3367 264
3370 4536
3371 7893
3372 8587
3375 7010
3379 3476
3380 6104
3381 2513
3385 1695
3387 5386
3388 2788
3390 4293
3392 919
3394 6397
3396 7733
3397 4554
3398 837
3401 8132
3403 2082
3404 2999
3405 6111
3406 799
3409 6343
3411 6750
3412 4975
3413 6206
3417 4673
3418 9718
3419 2030
3422 3211
3423 6803
3424 7440
3425 1624
3426 2787
3429 2565
3430 2164
3434 845
3437 328
3438 5578
3439 5729
3440 6711
3441 9289
3448 1853
3449 5166
3450 7641
3451 9785
3452 7000
3456 8662
3457 8966
3458 1401
3460 7854
3462 8278
3466 6689
3467 3407
3468 6837
3470 1411
3478 2205
3479 615
3480 383
3481 5882
3483 4764
3485 3290
3489 6003
3490 3796
3491 2924
3492 8629
3495 5651
3496 7548
3498 7120
3501 2973
3502 1450
3503 4517
3504 4116
3505 2812
3506 8434
3508 9703
3509 805
3510 8625
3514 8580
3515 8825
3516 7433
3520 8758
3521 8893
3522 2746
3524 3634
3525 4018
3526 7255
3531 2223
3534 182
3536 6466
3539 5010
3541 6366
3542 9988
3544 8613
3548 6269
3551 6464
3554 8945
3555 6066
3562 9072
3563 8089
3564 7569
3567 9096
3568 6627
3569 8913
3570 321
3571 5274
3573 5825
3574 3011
3575 8347
3576 2393
3577 1650
3578 8742
3579 5626
3583 7564
3584 8597
3585 7434
3586 9228
3591 9940
3596 8917
3597 1471
3599 462
3602 8067
3603 8667
3604 5056
3605 1917
3607 5838
3612 6607
3613 6550
3614 5306
3615 8225
3616 163
3617 2886
3620 3004
3621 6990
3623 9395
3624 9154
3625 7008
3626 113
3627 9643
3629 535
3630 7449
3631 1018
3632 6704
3636 3824
3639 9057
3644 1779
3645 7823
3646 9906
3647 6710
3651 7661
3652 3813
3653 1678
3654 931
3656 2220
3659 3465
3660 5358
3662 9233
3665 4494
3666 8808
3667 5933
3668 6427
3669 5555
3671 9862
3672 4286
3673 2792
3675 9853
3676 2555
3677 7947
3680 2360
3681 6429
3685 9621
3686 3572
3688 6772
3689 344
3691 1289
3695 7616
3698 3736
3703 1553
3709 231
3710 3472
3711 8335
3712 6455
3715 9985
3716 7562
3717 1740
3718 5945
3719 678
3722 5348
3723 6746
3724 3765
3725 950
3727 1762
3728 7900
3730 2515
3734 4111
3735 9483
3738 601
3739 7708
3740 5842
3741 1830
3743 4058
3746 1100
3748 4359
3753 9456
3754 3499
3755 5915
3756 9788
3761 2850
3762 8436
3763 6759
3764 7613
3768 3183
3772 7278
3773 4480
3774 4023
3775 4514
3779 6577
3782 7220
3784 9299
3785 9599
3787 8566
3788 4227
3791 315
3794 9432
3795 3985
3798 2399
3799 1903
3801 5392
3804 169
3805 2750
3808 2877
3809 3049
3811 333
3812 2259
3815 1689
3818 7570
3820 2013
3822 9091
3829 7822
3832 7988
3833 3903
3835 7463
3836 7695
3837 8860
3838 1964
3841 1387
3845 8638
3847 4796
3849 9356
3850 2420
3851 1039
3853 3126
3854 5633
3855 3189
3856 32
3857 7984
3858 4159
3862 3538
3864 2428
3865 6576
3868 2287
3869 7579
3870 9504
3872 9554
3874 6280
3876 5612
3879 9111
3881 2171
3886 7724
3887 9995
3889 6457
3892 2533
3895 4204
3896 8219
3898 1022
3899 287
3900 5123
3901 6467
3904 7285
3905 7560
3906 9551
3907 2729
3909 6830
3910 1729
3913 5502
3915 607
3917 4176
3918 6320
3919 4207
3923 6814
3924 8977
3926 7505
3927 3393
3928 7208
3930 4691
3932 2335
3933 8374
3935 9728
3937 444
3939 9750
3941 7092
3945 210
3949 1994
3950 5649
3951 6762
3954 1502
3960 3289
3961 2649
3962 6602
3972 7932
3974 9363
3976 2163
3979 4783
3980 2359
3982 5401
3987 5156
3991 1242
3994 171
3995 4317
3999 4019
4000 7676
4003 8780
4004 4672
4005 6153
4006 130
4007 9891
4008 3459
4009 9637
4012 9542
4021 6648
4024 5946
4025 1229
4029 5806
4030 6255
4031 1656
4034 5334
4039 2573
4040 8505
4041 9454
4042 7414
4046 6714
4047 183
4050 7452
4052 9905
4053 9583
4055 2201
4056 6497
4059 1081
4061 9912
4063 9516
4068 7730
4071 20
4073 6635
4075 3001
4078 823
4080 1071
4081 5332
4082 1029
4084 5716
4085 2691
4086 8114
4087 3959
4090 8064
4091 1768
4092 6786
4097 8479
4101 4551
4104 1233
4105 3684
4108 8989
4109 8609
4112 8135
4119 7610
4120 4098
4121 9967
4123 8674
4126 937
4127 3840
4128 7017
4130 3066
4134 3633
4137 7585
4138 2411
4139 814
4140 368
4144 1574
4145 4287
4146 5190
4149 1050
4150 9944
4151 3696
4152 2632
4153 4135
4157 6368
4161 6458
4165 46
4168 5022
4169 3274
4170 1871
4174 9596
4175 5442
4181 8051
4182 2077
4183 6991
4185 6613
4187 1291
4188 8679
4189 6447
4190 2274
4191 2452
4192 5930
4193 1448
4195 7668
4197 6706
4199 2672
4200 6439
4201 5972
4203 3475
4208 4065
4209 2530
4218 9081
4219 389
4220 9830
4221 9838
4222 2206
4223 952
4224 3
4229 1009
4230 3270
4232 5248
4233 8658
4235 3800
4241 6875
4242 8203
4244 9614
4246 7083
4247 7589
4248 5236
4249 3435
4250 2343
4254 6022
4255 4875
4258 1406
4259 8635
4261 2705
4262 6034
4264 8112
4265 465
4266 4871
4267 1785
4268 8691
4269 2925
4272 4529
4274 2296
4275 9433
4277 6009
4278 1607
4279 5212
4280 8236
4281 1679
4282 6878
4283 4129
4285 7109
4288 2940
4289 3752
4292 4408
4294 6353
4296 9587
4299 172
4300 8902
4301 489
4303 6207
4308 9387
4309 5482
4311 8879
4315 1802
4320 5859
4321 1536
4323 5782
4326 6652
4327 1615
4328 281
4330 7386
4331 6172
4333 5380
4336 8563
4337 2480
4338 5378
4339 8548
4340 4131
4342 7829
4344 5153
4345 5592
4346 471
4348 8094
4349 4318
4350 3637
4351 9438
4352 3758
4356 127
4358 5751
4361 1947
4364 1913
4365 7439
4366 6175
4367 6895
4368 5753
4369 5016
4375 2378
4376 2108
4377 81
4378 876
4379 1500
4381 8185
4387 9561
4388 7082
4389 8716
4391 6223
4395 3778
4398 4253
4403 6579
4404 4028
4405 8824
4409 7193
4412 3244
4413 3517
4414 4115
4415 2873
4416 6901
4418 6584
4419 1883
4420 5645
4423 2062
4424 956
4425 2380
4426 9881
4436 4657
4437 5404
4440 1470
4441 9308
4442 4322
4446 2880
4447 8845
4448 1587
4449 5344
4450 8528
4452 3098
4453 9702
4456 822
4457 9136
4463 4990
4464 3320
4466 5381
4467 5909
4468 3454
4469 7907
4470 4831
4471 5927
4473 5281
4475 4411
4478 2021
4479 521
4481 225
4482 5134
4484 4994
4488 1976
4489 7626
4490 4640
4491 6931
4492 2040
4496 3408
4497 6053
4501 2148
4502 6023
4503 4518
4504 9546
4505 3054
4507 3179
4509 195
4510 5709
4512 8151
4520 6616
4524 5329
4525 630
4526 9697
4527 8271
4528 5871
4531 103
4532 7311
4533 546
4534 8073
4537 4938
4538 7444
4541 2275
4545 3431
4546 6
4547 3807
4550 5993
4552 1163
4556 5320
4561 7795
4562 1373
4563 8478
4564 4937
4568 2269
4569 1935
4571 60
4572 7623
4573 9556
4574 2865
4581 2524
4582 3993
4583 8532
4586 1260
4587 251
4588 7067
4590 9044
4592 7143
4596 6196
4597 5526
4599 659
4602 3843
4603 7797
4605 6815
4609 8958
4610 36
4611 8124
4612 6388
4614 9408
4615 9696
4617 8365
4618 5958
4620 4118
4622 9236
4623 4578
4624 5703
4625 1190
4627 6669
4629 19
4632 2646
4634 7590
4636 4809
4638 5906
4642 2178
4643 7629
4645 8496
4646 7262
4647 3039
4648 2133
4650 5706
4654 7246
4655 145
4659 2146
4660 716
4661 1045
4662 2814
4664 5447
4665 2860
4666 8967
4669 5003
4670 4186
4674 4013
4676 3819
4678 8448
4680 6430
4682 7489
4683 9858
4684 224
4685 8603
4688 8558
4689 7966
4690 922
4692 3936
4693 3139
4695 2435
4696 9006
4699 4295
4700 883
4705 2448
4707 8367
4708 12
4709 7268
4710 1119
4711 5124
4712 3410
4714 3529
4716 3374
4718 274
4722 4164
4723 3420
4725 6432
4726 3705
4728 6801
4730 1104
4734 6524
4735 6721
4736 4212
4737 1328
4738 1405
4739 2032
4740 4054
4741 5069
4742 4954
4743 5575
4744 5668
4745 3507
4746 7574
4748 3828
4750 6391
4751 7224
4753 5799
4754 2756
4755 3119
4756 1780
4759 3793
4761 5042
4762 4166
4765 9957
4766 4158
4768 2228
4772 3186
4773 5756
4776 3687
4777 5873
4778 5436
4780 1374
4781 4608
4782 595
4784 7571
4787 6484
4788 8906
4792 1715
4793 8712
4798 2124
4799 3513
4801 3559
4803 4800
4804 4789
4805 7389
4806 2034
4807 5242
4808 3304
4810 5659
4811 5851
4813 1596
4814 7588
4815 617
4819 7119
4820 9063
4821 2801
4824 2496
4825 2578
4826 6047
4827 4791
4829 4570
4832 1231
4833 7233
4836 6147
4838 112
4839 8875
4841 2931
4842 495
4843 7904
4847 4522
4849 2953
4856 1699
4857 2545
4858 7508
4860 4519
4861 409
4862 1744
4863 9333
4864 5845
4868 7788
4869 1580
4873 631
4874 3255
4876 6674
4877 2288
4879 3021
4880 1606
4885 7720
4886 6939
4887 5860
4888 9894
4889 6191
4890 6594
4891 6877
4893 5400
4897 6059
4898 4848
4902 4180
4904 6413
4906 2890
4910 9286
4911 6765
4912 801
4913 8160
4914 6510
4918 9770
4920 390
4922 4045
4923 8056
4924 5200
4926 6647
4927 2846
4928 9528
4929 2952
4931 155
4932 1058
4933 3565
4934 7359
4939 3433
4940 6335
4941 6920
4942 5994
4943 8026
4944 3674
4945 3842
4946 8591
4948 3863
4950 1937
4953 180
4955 9994
4956 2655
4957 1180
4958 8741
4959 8785
4960 7304
4961 3952
4962 1269
4965 451
4969 2233
4972 6668
4973 908
4978 4823
4979 7728
4980 1626
4981 2995
4985 4775
4988 6421
4991 5504
4995 6018
4996 3477
4998 1048
4999 320
5000 7467
5002 6312
5006 373
5007 9000
5008 3700
5012 7890
5013 7800
5014 9859
5020 4677
5021 4901
5023 2454
5024 5434
5025 2075
5026 7881
5028 7060
5029 749
5030 741
5032 1908
5033 7640
5035 8237
5036 1300
5038 7296
5043 7521
5045 2804
5049 16
5053 8191
5054 6185
5055 9173
5057 2874
5058 1543
5061 5644
5065 5410
5066 2485
5067 3202
5070 1105
5072 3678
5073 6277
5078 2001
5079 9038
5082 5493
5083 7350
5084 3759
5086 9488
5087 7345
5090 1306
5091 4575
5093 7211
5096 7925
5098 7232
5099 540
5100 7660
5102 4401
5103 9885
5107 9052
5109 2781
5111 8668
5113 5827
5114 3488
5115 8949
5116 2450
5117 343
5118 4686
5120 1849
5121 9268
5122 5642
5125 6167
5126 4769
5129 8974
5131 302
5132 5105
5135 4557
5136 3998
5137 8933
5138 6527
5143 1006
5145 8030
5148 456
5149 7983
5150 1817
5151 7422
5154 7577
5157 2372
5158 500
5159 3964
5160 3938
5163 199
5164 7702
5165 89
5167 4079
5168 4992
5169 9748
5170 6666
5173 4555
5174 6131
5175 1156
5176 4096
5177 9568
5179 6304
5180 6782
5182 7705
5183 4797
5185 3076
5187 9915
5189 9149
5195 5992
5197 6423
5198 2357
5199 410
5201 6529
5202 4245
5203 6523
5204 7197
5205 6953
5206 3511
5210 3523
5213 6459
5216 2203
5218 1089
5219 6224
5220 1432
5221 8480
5223 8590
5225 8296
5226 1550
5227 3598
5228 9034
5231 8057
5232 3336
5235 8141
5238 1412
5239 6195
5240 539
5241 4511
5244 2779
5245 6868
5247 2351
5251 6785
5252 3361
5253 1720
5255 28
5256 4433
5258 4963
5259 4579
5260 6889
5261 5848
5264 1778
5266 9436
5267 3331
5268 8038
5270 7165
5271 91
5273 6653
5275 8512
5277 9435
5280 3091
5282 5573
5286 3203
5288 3117
5290 7430
5292 6438
5295 7821
5296 5765
5297 1613
5298 3580
5299 1523
5302 3121
5305 125
5307 9597
5308 434
5309 7293
5313 6775
5314 930
5315 9056
5317 6866
5325 9316
5327 8687
5328 2241
5333 2437
5335 70
5337 6946
5339 1230
5340 74
5343 5864
5346 4835
5347 5130
5349 6500
5353 5519
5355 6309
5356 4142
5357 3780
5360 1637
5361 5984
5362 440
5363 2567
5364 2004
5365 3144
5366 1901
5367 5679
5368 4594
5371 4252
5372 3594
5373 3494
5375 2100
5376 5643
5383 5092
5385 9351
5387 5191
5388 4099
5389 7185
5390 6792
5393 8403
5396 5714
5397 4434
5398 9349
5402 1824
5403 40
5406 8043
5408 4749
5409 4658
5411 5395
5412 3608
5413 8004
5416 4523
5418 831
5419 5323
5421 1604
5422 9025
5427 2239
5428 5094
5430 680
5431 5510
5432 3825
5443 677
5444 6017
5445 832
5446 4454
5450 7341
5453 3894
5455 9330
5457 6505
5461 1458
5463 8585
5464 449
5466 9794
5468 8355
5469 4952
5470 6396
5471 484
5472 1783
5474 4035
5475 7182
5476 5311
5478 2703
5480 2184
5481 2962
5483 6222
5486 419
5490 9948
5491 9871
5492 2111
5494 5614
5497 6565
5498 8525
5503 1161
5505 3776
5508 2806
5509 6687
5511 9899
5512 3100
5513 9283
5514 7809
5516 7513
5521 1944
5522 8592
5523 9213
5524 8289
5525 7806
5528 6541
5531 8476
5532 616
5533 3421
5534 3861
5537 5186
5538 2245
5539 3199
5541 9394
5543 8350
5544 1993
5546 8530
5551 331
5552 7685
5557 7697
5558 2602
5559 30
5560 5739
5563 4310
5566 9486
5567 4715
5570 2977
5572 175
5574 5895
5579 8158
5580 6552
5583 994
5585 6220
5586 5178
5588 8681
5589 2405
5590 5052
5591 496
5598 9190
5599 7228
5600 765
5605 687
5606 2985
5608 8728
5610 2012
5611 9641
5615 9094
5616 1789
5618 8783
5620 3760
5621 7898
5622 4043
5623 8637
5625 724
5628 5885
5634 906
5637 516
5638 7929
5640 6179
5641 4626
5646 730
5647 2712
5648 8336
5652 2254
5653 853
5654 2754
5655 2563
5656 1764
5657 7636
5660 1619
5661 3077
5662 4513
5664 3540
5665 365
5667 9263
5670 7495
5672 8366
5674 5460
5675 2011
5676 7538
5680 9418
5683 7896
5684 8297
5685 1390
5687 4093
5690 8231
5691 1443
5692 7643
5694 2599
5695 4290
5696 5969
5704 9445
5708 9872
5710 7559
5711 6887
5713 987
5717 8001
5720 9037
5721 3427
5724 7026
5726 8238
5728 5039
5731 2629
5732 9763
5734 3643
5735 384
5736 5561
5737 9135
5738 4271
5740 2640
5741 714
5745 1211
5747 2423
5749 5976
5752 4986
5755 1915
5757 1773
5759 9217
5764 1669
5768 5310
5769 7410
5770 1889
5773 2006
5775 3535
5778 9371
5779 1264
5780 8068
5781 9070
5784 8268
5786 8213
5789 2215
5791 9172
5794 7271
5795 4967
5796 1213
5798 3600
5800 2991
5801 8339
5805 5303
5809 5979
5810 6296
5813 6399
5814 7058
5815 8647
5818 1408
5821 2675
5822 599
5823 8987
5824 7832
5826 3137
5828 502
5830 6174
5831 2707
5835 781
5836 9256
5840 3897
5843 8193
5844 1174
5850 2710
5852 5101
5854 9012
5855 6417
5856 8473
5857 7454
5858 3792
5861 3267
5866 8014
5867 4234
5869 1890
5870 1771
5872 8836
5875 4542
5878 338
5879 1501
5883 153
5886 1343
5887 9958
5888 5689
5892 7855
5893 4011
5897 6321
5898 2383
5899 6381
5900 3093
5901 8029
5902 8308
5903 128
5904 3163
5907 3916
5908 7758
5910 5374
5911 9852
5914 3699
5916 7565
5917 6870
5918 851
5919 9142
5921 1288
5923 1957
5924 9022
5926 2235
5928 3069
5929 2594
5931 5316
5934 4649
5935 8821
5937 7869
5943 4240
5947 7591
5949 688
5950 6425
5952 5068
5953 290
5954 3878
5957 1099
5960 310
5962 131
5963 9160
5964 3118
5965 5536
5966 6080
5967 5141
5968 3888
5970 2630
5971 1109
5973 3157
5974 6405
5977 1189
5978 9312
5980 1951
5981 5119
5985 4270
5986 3368
5987 7437
5988 2105
5991 2569
5996 8357
5998 5441
6000 3958
6004 6969
6005 3655
6006 7455
6007 7370
6010 2331
6014 3997
6016 4878
6028 9411
6035 5001
6036 1736
6038 3929
6042 7502
6044 7959
6046 1302
6048 7682
6049 7759
6052 1338
6058 5816
6060 7305
6062 4899
6065 6682
6069 6021
6071 6598
6072 1131
6075 9533
6077 4033
6081 3713
6082 2412
6083 2060
6084 2440
6085 3737
6086 7308
6087 8096
6088 8618
6089 3880
6090 5237
6091 5027
6093 261
6094 7473
6095 3217
6097 7634
6101 5071
6102 9501
6106 3346
6107 7681
6108 2132
6110 6025
6114 5944
6115 658
6116 662
6117 2608
6119 9028
6121 6440
6124 7871
6125 1745
6126 3545
6127 6900
6128 9736
6130 4747
6133 4037
6135 7575
6137 1391
6138 5847
6139 4302
6140 5797
6141 7108
6142 8726
6144 1672
6145 1277
6146 9391
6148 7045
6150 1060
6151 5293
6154 4566
6155 7563
6156 4392
6159 5719
6162 9402
6163 8511
6164 1116
6165 6833
6166 9900
6168 7520
6169 3875
6170 4785
6171 9815
6176 2519
6177 7868
6178 3975
6180 6820
6181 7184
6188 1652
6194 7072
6199 6386
6200 6697
6202 8343
6203 2531
6204 2469
6208 6929
6209 5829
6210 463
6213 7633
6214 1336
6216 2612
6219 1675
6225 9839
6227 4567
6228 2808
6229 7397
6231 5112
6233 3611
6234 7654
6235 5677
6237 2593
6238 9331
6241 3683
6242 9336
6243 6265
6244 2796
6245 9389
6246 9398
6248 3288
6250 6249
6252 7029
6254 5304
6256 1985
6257 8791
6261 6482
6262 8615
6263 7637
6264 8842
6266 1851
6267 508
6270 8153
6272 9635
6273 1293
6275 8302
6276 9279
6278 4421
6282 996
6283 8623
6285 2702
6286 6078
6287 8154
6288 9734
6289 3216
6290 4553
6292 6076
6294 855
6297 4516
6300 6334
6301 6030
6303 6015
6305 7746
6307 9954
6308 8155
6310 6506
6313 9774
6315 7573
6316 5262
6318 9
6319 8596
6322 6606
6323 4656
6325 7191
6330 731
6331 6732
6332 4903
6333 8105
6338 7280
6342 6646
6345 5322
6348 9384
6349 226
6351 4697
6352 8440
6359 4719
6362 4909
6365 9116
6367 3122
6370 5050
6371 9623
6372 4983
6375 4147
6377 4251
6378 5193
6380 9337
6382 1141
6383 8299
6384 2831
6385 4774
6389 2329
6390 7847
6392 3690
6393 5707
6394 4619
6398 414
6400 114
6404 8855
6406 7428
6407 567
6411 653
6412 1825
6415 9565
6418 232
6420 6884
6426 243
6428 2948
6435 6681
6442 9760
6443 8419
6444 362
6445 1582
6446 8260
6448 1673
6453 2197
6456 9300
6460 3588
6463 7084
6465 2604
6470 260
6471 4132
6473 5161
6474 5128
6475 9841
6478 6033
6479 5548
6480 7581
6486 7286
6487 1701
6488 6422
6491 9826
6492 5425
6493 8391
6494 9134
6499 6221
6502 4896
6503 6542
6507 2791
6508 5289
6509 3112
6513 6485
6515 447
6518 3303
6521 9048
6525 9066
6528 2403
6530 6572
6532 7960
6533 1561
6534 8078
6535 2739
6537 4984
6539 9779
6540 7816
6545 7028
6546 3543
6547 5420
6548 9567
6549 9778
6554 3783
6557 64
6558 7383
6559 6683
6561 43
6562 7979
6568 2371
6569 5771
6570 3399
6578 2402
6580 681
6581 17
6582 6212
6583 6902
6586 1648
6589 9230
6591 6012
6592 2404
6593 6057
6595 3877
6596 7005
6597 2818
6599 9491
6600 7265
6604 7721
6609 6476
6611 9157
6614 8126
6615 5048
6617 4668
6619 1139
6620 6588
6621 2562
6622 4306
6629 84
6631 7916
6633 6356
6634 8206
6636 8145
6637 5682
6638 5553
6640 2936
6642 1660
6643 9713
6644 6326
6645 3519
6649 1012
6651 8102
6654 942
6655 6483
6656 3031
6657 8502
6658 5015
6659 9393
6660 7352
6663 9329
6670 882
6671 2008
6672 889
6676 4872
6677 9427
6678 421
6685 6744
6690 7320
6692 6403
6693 8371
6694 9338
6696 9805
6698 6450
6699 5802
6702 5246
6705 9214
6715 5593
6716 6910
6717 1463
6718 8599
6719 6923
6720 9515
6722 6625
6726 984
6727 8010
6728 9811
6729 6364
6730 2307
6731 7596
6733 59
6734 6804
6735 8924
6738 2744
6739 8303
6740 8431
6742 9274
6743 1003
6748 758
6749 5318
6753 7707
6755 4256
6756 7692
6757 4143
6758 5698
6763 1547
6764 1341
6766 9206
6767 9726
6768 762
6769 8985
6774 9582
6777 5582
6778 670
6779 469
6783 354
6784 6217
6795 7376
6796 857
6799 966
6800 6661
6802 6955
6810 1969
6811 761
6812 1657
6816 8122
6817 7993
6819 9406
6821 6808
6823 786
6828 4461
6831 4589
6832 8031
6841 8921
6843 5820
6844 3135
6846 5152
6847 420
6848 4698
6849 5576
6850 2186
6851 7446
6855 6788
6856 3106
6857 6543
6859 5718
6861 7325
6862 1551
6863 9608
6867 2965
6869 8192
6872 3335
6874 3345
6879 5803
6882 3015
6883 991
6885 6858
6886 4882
6891 4
6896 2637
6897 6839
6903 4297
6906 6064
6909 9601
6911 1668
6913 4844
6914 9798
6916 4355
6917 4141
6918 5077
6919 2369
6924 7687
6925 972
6927 588
6930 5399
6932 4936
6933 7781
6937 7222
6940 8996
6941 9580
6942 266
6943 7774
6945 166
6947 8018
6948 8458
6949 1253
6950 3708
6951 5230
6952 5211
6958 544
6959 3701
6960 3473
6962 5792
6963 2688
6964 8071
6965 6419
6966 3378
6970 8065
6971 8569
6973 1052
6974 2190
6976 1820
6977 3486
6978 1492
6980 7842
6983 9895
6984 528
6986 2902
6987 664
6988 9071
6989 8045
6993 6898
6996 3061
6997 1859
6999 2398
7003 8937
7004 9570
7006 475
7007 1417
7009 7375
7014 7878
7016 5881
7018 5294
7019 865
7020 441
7021 3552
7022 7354
7023 9370
7025 5819
7033 4558
7035 7820
7036 619
7037 4316
7040 1077
7042 2803
7043 780
7047 7317
7048 4343
7049 2614
7050 105
7052 7001
7054 6157
7057 3377
7061 7484
7062 5382
7063 960
7064 5705
7065 7093
7066 7625
7069 936
7070 6852
7071 7903
7073 1223
7075 3781
7076 107
7079 10000
7086 8652
7088 158
7090 1503
7091 870
7097 3911
7100 7849
7101 990
7102 6092
7103 2771
7104 7388
7105 8079
7106 8363
7111 8195
7114 964
7115 4639
7116 2208
7117 8621
7118 1562
7125 216
7127 7714
7129 7498
7130 5776
7134 137
7136 4162
7137 5849
7138 9032
7139 856
7140 3512
7141 398
7142 8776
7146 9297
7150 3549
7151 4663
7153 9729
7154 3373
7156 4114
7158 9232
7159 5876
7161 1286
7162 9530
7163 9346
7164 575
7166 8003
7167 9258
7168 4601
7169 4373
7172 9660
7174 2299
7178 9834
7180 4216
7181 3537
7183 783
7187 7417
7188 4217
7189 5088
7190 2666
7192 6239
7194 5742
7196 1960
7198 3642
7199 464
7201 3992
7203 3261
7204 8189
7205 2723
7206 2397
7212 6037
7213 8346
7215 6360
7217 1168
7218 2007
7221 488
7226 7392
7229 3355
7234 1926
7235 1035
7241 4066
7242 8581
7243 816
7248 3527
7250 8856
7253 1818
7254 7030
7258 5506
7260 9415
7266 723
7267 6314
7269 5678
7270 8955
7273 6673
7274 5595
7275 8788
7276 628
7277 1364
7279 1835
7281 7200
7282 9535
7283 1758
7284 4172
7288 1187
7290 3256
7291 940
7294 1083
7295 7917
7297 2436
7298 214
7300 1942
7301 573
7302 8889
7307 9698
7310 8565
7312 784
7314 2248
7321 5627
7323 2080
7324 3830
7327 5345
7329 4027
7331 4652
7337 5485
7338 3302
7339 5748
7342 8022
7343 5059
7346 9259
7349 8388
7351 9998
7355 6100
7356 370
7360 4001
7361 1566
7362 7486
7363 6259
7364 547
7365 3670
7368 7934
7373 9498
7374 4951
7377 387
7379 6002
7382 4211
7385 1659
7391 896
7393 7257
7395 6860
7399 5982
7400 1813
7401 509
7402 2700
7405 1296
7406 4606
7408 8630
7409 5285
7412 3073
7413 6585
7415 6794
7416 6451
7418 3243
7421 1955
7424 7954
7425 9873
7429 5804
7431 2802
7435 1254
7438 6564
7442 3153
7448 6306
7450 978
7451 4049
7453 468
7456 824
7458 3497
7461 5272
7465 7885
7466 5697
7469 7648
7471 8257
7475 3140
7476 9639
7480 6573
7482 5500
7487 982
7488 9203
7490 5868
7491 9947
7492 6834
7493 7787
7500 1290
7503 9114
7504 6905
7507 2492
7509 7483
7510 7963
7511 1755
7516 7913
7517 1183
7518 2016
7522 191
7524 3731
7525 6013
7526 2321
7528 7844
7530 6522
7531 6358
7532 8925
7533 5833
7535 5004
7536 548
7537 8872
7539 8430
7540 1020
7543 5342
7546 6379
7547 7381
7549 3891
7553 8441
7554 4850
7556 9362
7557 3592
7558 9163
7566 9864
7567 3070
7568 5336
7578 8779
7580 752
7582 3133
7583 959
7586 9222
7587 1348
7597 5884
7598 9903
7600 1511
7601 4179
7603 2252
7604 3245
7605 2325
7609 1023
7611 61
7612 4198
7614 8806
7615 5587
7617 8707
7618 3169
7619 3970
7620 1704
7621 9161
7622 5465
7628 7791
7630 3129
7631 9762
7635 5011
7638 3308
7639 6341
7644 651
7646 923
7647 291
7649 9640
7651 4818
7652 5727
7653 9109
7655 4334
7656 5051
7657 1460
7662 6031
7663 5192
7664 5301
7666 4354
7669 8550
7671 1716
7672 5433
7674 3866
7675 2676
7677 621
7679 3159
7680 5352
7683 4094
7684 1481
7686 8666
7688 5046
7689 7027
7690 5452
7691 1482
7698 9272
7699 6401
7700 8384
7701 8689
7703 6328
7704 4032
7706 5564
7710 7479
7712 3803
7717 2374
7718 667
7719 6639
7722 2982
7723 493
7725 2674
7727 219
7729 5761
7731 2466
7732 8423
7734 7931
7735 8789
7736 3914
7737 8957
7738 2606
7740 6298
7741 9558
7742 8201
7743 3259
7744 9183
7745 7053
7747 869
7749 9844
7750 42
7751 2769
7752 6232
7753 1494
7755 6880
7756 487
7757 7387
7760 9013
7762 818
7764 7171
7766 2596
7767 7148
7768 911
7770 3285
7771 608
7772 4196
7773 7499
7775 177
7776 8062
7777 8443
7779 7754
7780 9810
7782 369
7783 1518
7784 9375
7786 1527
7792 8053
7793 8459
7794 1074
7796 492
7798 7252
7799 2509
7801 245
7803 803
7804 2969
7815 2719
7818 3254
7819 6063
7824 2204
7827 7761
7830 4894
7831 8243
7833 1486
7834 4430
7835 3747
7837 2305
7838 3990
7840 3729
7841 3658
7845 1635
7850 2447
7851 2356
7852 8321
7857 3391
7858 8097
7859 5209
7860 8027
7861 520
7862 4089
7863 3307
7866 4498
7867 6414
7870 3248
7874 286
7875 2908
7876 9304
7877 8539
7879 3697
7880 3088
7882 2276
7883 6469
7884 3264
7886 1014
7887 3587
7888 6160
7889 5905
7892 192
7894 3311
7899 1633
7901 1208
7902 9212
7905 7464
7906 3170
7908 5955
7910 4757
7915 7436
7918 5571
7922 5095
7923 428
7926 771
7927 4604
7928 8991
7930 6129
7933 1362
7935 6967
7936 8840
7937 1464
7938 6575
7940 3635
7942 8000
7943 4324
7944 4971
7948 997
7949 9503
7951 8170
7952 582
7953 5249
7956 7249
7957 8706
7958 9618
7961 8626
7962 1477
7964 8644
7965 1941
7968 4964
7969 9348
7970 1930
7971 2748
7973 689
7974 2849
7976 8594
7981 4925
7982 7145
7991 5009
7992 2743
7995 69
7996 161
7998 2534
7999 5080
8006 5075
8007 8435
8011 2665
8015 9534
8019 7251
8020 5807
8021 8228
8023 9860
8025 1766
8028 2761
8032 3726
8034 7825
8037 3593
8039 6449
8041 8881
8042 1446
8044 2829
8046 7309
8047 3981
8049 150
8050 3445
8060 5435
8063 8962
8066 5354
8072 8777
8074 1925
8075 1950
8076 3890
8080 8811
8081 5520
8082 1245
8083 5110
8085 9897
8087 6938
8088 3692
8091 7748
8092 2660
8093 5817
8095 7485
8098 9874
8099 4521
8100 148
8106 2451
8107 1457
8108 4226
8109 8982
8110 597
8115 3883
8116 4812
8117 3034
8118 3446
8119 5948
8120 7972
8121 5458
8125 7828
8127 4802
8128 2571
8129 3339
8130 3338
8131 3661
8133 9323
8136 8574
8137 7715
8139 3922
8142 1474
8146 9828
8147 7572
8148 6395
8149 8349
8152 4727
8156 9266
8157 9292
8159 9847
8161 2230
8162 1400
8163 8854
8165 5459
8166 109
8168 8874
8169 598
8171 1757
8172 8606
8173 7909
8174 9730
8177 7967
8179 9110
8181 3802
8182 9471
8183 7989
8184 2295
8186 3957
8188 7186
8190 1179
8194 7667
8199 4465
8202 6490
8205 3151
8207 8892
8208 3750
8209 307
8210 951
8212 4038
8215 1200
8216 1064
8217 892
8220 1556
8223 3037
8224 5405
8226 6818
8227 7551
8229 6994
8230 5162
8232 679
8233 1564
8234 7287
8235 3983
8239 4830
8240 4399
8241 9786
8244 1273
8245 4026
8248 9795
8250 7032
8251 4548
8252 1733
8255 6892
8259 2895
8262 7225
8263 4184
8264 4325
8265 273
8267 5321
8270 5517
8275 2823
8276 4298
8277 2864
8279 6039
8283 7470
8284 5865
8286 4681
8287 6662
8288 2157
8291 9192
8293 7946
8295 3944
8298 4044
8300 9276
8304 6113
8306 7334
8307 3123
8311 7459
8312 3074
8313 6737
8314 1827
8316 5959
8317 9946
8319 2165
8323 268
8326 819
8327 1911
8328 2382
8330 2240
8331 4407
8332 8196
8333 33
8334 6361
8337 2780
8338 7419
8341 9510
8342 9675
8348 7219
8356 4319
8359 1617
8360 1123
8361 4422
8364 1421
8369 9843
8370 9822
8372 4671
8373 7044
8376 868
8377 5853
8379 7921
8382 9334
8383 9249
8385 6096
8386 9691
8387 4291
8389 9288
8390 9437
8393 836
8395 3195
8396 4103
8398 1829
8399 6350
8400 8187
8402 9201
8406 2028
8408 3558
8409 6780
8410 6707
8412 5417
8413 2022
8417 5565
8418 5545
8421 554
8424 2406
8425 8520
8426 9223
8428 9604
8432 2876
8433 1971
8437 3500
8439 9650
8442 2147
8444 9715
8445 8329
8447 5663
8449 957
8450 416
8452 3984
8454 2038
8455 5479
8456 770
8464 8256
8465 4675
8468 8540
8469 4731
8470 5529
8471 9769
8475 256
8477 4487
8482 7678
8483 9910
8484 9227
8485 8059
8486 8737
8487 7506
8488 3226
8489 775
8490 47
8491 2778
8493 8761
8497 7496
8498 5018
8499 6791
8500 4427
8503 2857
8504 2547
8506 1610
8507 5812
8508 7366
8509 519
8510 7726
8514 4400
8515 967
8516 8661
8517 8404
8518 2409
8519 1275
8521 4720
8522 1307
8523 579
8526 7074
8527 2945
8529 1909
8531 6324
8533 9407
8536 2246
8537 7236
8542 1344
8543 1258
8545 5487
8546 5507
8547 1365
8549 5556
8552 6355
8553 9513
8554 228
8555 9870
8556 3553
8557 969
8559 2881
8561 5142
8562 1019
8564 6074
8567 6339
8568 654
8570 7592
8571 3742
8577 8481
8583 1351
8584 7122
8588 9595
8589 345
8593 1638
8595 2570
8600 1861
8602 9309
8605 9754
8607 4406
8611 4884
8612 2043
8616 8501
8617 9265
8622 7126
8624 2339
8627 1623
8628 5426
8632 2807
8633 53
8634 5744
8636 162
8639 7802
8641 8123
8642 5127
8645 565
8646 2113
8650 5723
8651 8703
8653 9537
8654 6230
8655 6944
8657 3963
8659 412
8665 7739
8669 6118
8671 4384
8673 2348
8675 3395
8677 3721
8678 7534
8680 9889
8682 7529
8685 9821
8686 8204
8690 6519
8692 2765
8693 8016
8694 9584
8695 2538
8696 95
8698 7318
8699 3757
8700 220
8701 3356
8702 4921
8704 7985
8705 6040
8711 9850
8713 9262
8714 1316
8717 9314
8719 2088
8721 2486
8722 3908
8723 4133
8725 2477
8727 5147
8730 8111
8731 3389
8733 8180
8735 6899
8738 446
8740 5449
8743 3940
8747 768
8748 6538
8750 9992
8752 1279
8753 4213
8754 649
8755 4329
8756 3463
8757 7512
8763 9877
8764 3125
8765 2634
8766 604
8768 3978
8769 7501
8770 6054
8771 7179
8773 2954
8775 3649
8778 8598
8782 2471
8784 9030
8786 8467
8790 2168
8792 5379
8796 6434
8798 4088
8802 6679
8803 5562
8804 2366
8807 858
8809 6504
8810 9065
8812 8362
8813 5568
8815 5104
8816 2483
8817 6680
8818 6424
8819 4307
8820 3971
8822 5265
8826 9731
8827 1392
8828 3369
8829 9502
8830 5257
8832 8797
8833 5437
8835 3884
8837 8144
8838 2312
8839 9481
8841 7872
8843 7594
8846 7650
8847 4372
8848 1437
8849 8463
8852 1687
8853 7024
8857 6344
8858 3231
8859 7087
8861 3382
8862 2904
8863 3969
8864 4178
8865 2495
8866 1294
8867 8040
8870 2535
8871 9126
8873 1069
8877 5350
8880 8175
8882 7133
8883 3679
8885 4069
8887 9480
8888 3827
8890 9383
8894 993
8895 9152
8897 3733
8898 8310
8899 1297
8900 1721
8903 1900
8904 123
8905 3297
8907 6695
8908 4156
8910 2401
8911 2187
8912 6972
8915 8282
8916 1334
8918 7306
8920 1080
8922 9118
8923 7494
8927 2460
8928 5501
8929 4074
8930 9466
8932 8438
8934 481
8935 4919
8936 8253
8938 2987
8940 270
8942 9904
8943 6041
8946 4410
8947 9420
8950 7864
8951 9931
8953 2222
8954 4072
8956 3149
8961 5577
8968 1628
8969 9938
8972 9255
8973 1693
8975 3797
8976 4225
8978 9410
8980 6136
8986 1998
8988 433
8990 1787
8992 4390
8993 4360
8997 5081
8998 1413
8999 6555
9002 4363
9003 3280
9005 4102
9009 6132
9010 5196
9015 2772
9016 8746
9018 5263
9019 4095
9020 885
9023 7152
9024 6630
9027 1945
9029 455
9031 3250
9033 3464
9035 6512
9036 5234
9039 5489
9040 4585
9041 1310
9042 6408
9043 3989
9045 7980
9046 8009
9047 7292
9049 8844
9054 8538
9055 6295
9058 1962
9059 223
9060 7694
9062 2689
9067 728
9068 3826
9069 8285
9073 715
9076 577
9077 4015
9078 2903
9079 4763
9080 6099
9083 4148
9084 6158
9085 4305
9087 8896
9089 8273
9090 7344
9092 9014
9093 7358
9097 5549
9100 8939
9101 4163
9102 2244
9103 85
9107 2963
9108 9322
9112 275
9113 6553
9115 5681
9119 2085
9120 5913
9121 3767
9123 3229
9124 4628
9125 7481
9127 4155
9129 1847
9132 6985
9139 1600
9140 7805
9144 9771
9145 6664
9147 5326
9148 5062
9151 9106
9155 4630
9156 5312
9158 6789
9159 4206
9162 7299
9164 2189
9165 3589
9166 8407
9167 4779
9169 4383
9170 6921
9171 6431
9174 3109
9175 7911
9176 3363
9178 9780
9179 9742
9180 9219
9181 3469
9182 6684
9184 5837
9186 3839
9187 2332
9188 2131
9189 6498
9191 1037
9194 9200
9195 7441
9196 6437
9197 5415
9198 7238
9199 1046
9207 2697
9208 2633
9210 9804
9211 4977
9215 1559
9218 3230
9221 3484
9225 886
9226 5880
9229 782
9235 900
9239 2785
9240 3089
9241 424
9243 8901
9244 3638
9245 5207
9246 9050
9247 9832
9248 5377
9250 2830
9251 8353
9252 7763
9253 5217
9257 9837
9261 6251
9264 6024
9267 348
9270 8884
9271 6461
9273 9295
9275 766
9277 4485
9278 6723
9280 6888
9281 7810
9285 1346
9290 2266
9293 2709
9298 8751
9301 6067
9302 6825
9303 1961
9305 4362
9307 6922
9310 7261
9311 2592
9313 6864
9318 381
9321 7891
9324 6713
9325 126
9327 1597
9328 7990
9332 7443
9335 4374
9340 7177
9341 2622
9342 2997
9343 8472
9344 5603
9347 989
9350 3610
9352 181
9353 2306
9355 3682
9357 386
9358 5762
9359 9231
9360 904
9361 1905
9364 5601
9365 6827
9366 2966
9367 4486
9372 712
9373 439
9374 3471
9376 1042
9377 953
9378 5597
9380 5581
9386 2855
9388 8249
9392 2906
9396 6369
9397 7423
9399 4067
9400 6691
9403 3207
9404 8670
9412 3222
9413 5725
9414 7595
9416 7372
9417 8002
9419 9385
9422 3284
9423 1036
9424 4312
9425 661
9426 4908
9428 7550
9429 7576
9434 9807
9439 8604
9440 8931
9442 3965
9443 9004
9444 4443
9446 5619
9447 7209
9449 3065
9451 2732
9452 3704
9457 9522
9458 5394
9459 9638
9460 9962
9461 1433
9462 8614
9463 7034
9464 5688
9465 3220
9468 1649
9469 572
9473 2576
9474 99
9475 8601
9476 1249
9478 3443
9479 859
9482 185
9484 204
9485 4205
9490 5473
9494 265
9495 5331
9496 4508
9497 6781
9499 5017
9500 7977
9508 8724
9509 1968
9511 9751
9514 212
9518 2735
9519 2667
9520 7561
9521 2896
9526 3968
9527 6376
9529 3350
9531 6441
9538 2647
9539 6340
9543 2799
9547 3948
9548 2863
9549 7716
9552 6608
9553 9572
9557 6981
9560 1472
9562 1453
9564 9001
9569 7256
9573 9670
9574 3347
9575 1144
9576 6624
9578 2998
9579 6536
9581 1521
9591 9168
9592 5811
9593 3081
9594 4817
9598 1299
9600 9757
9602 4506
9606 2475
9607 7328
9609 3848
9610 7099
9611 4173
9612 1395
9613 3315
9615 8214
9616 8660
9617 5783
9619 1152
9622 2128
9624 1541
9625 618
9626 6299
9627 4637
9628 8035
9630 8579
9631 846
9633 5540
9634 2253
9636 9026
9642 4859
9646 4382
9647 3902
9649 2847
9652 5939
9653 6893
9658 4580
9659 9657
9662 5896
9664 4635
9665 3175
9666 5790
9671 6566
9672 9970
9674 8103
9676 1639
9678 7584
9679 3921
9680 5140
9682 1267
9684 7055
9685 6468
9686 3860
9687 5891
9688 358
9689 2363
9690 985
9692 2560
9694 7357
9695 7316
9701 650
9704 9104
9705 246
9706 9683
9707 3029
9709 6881
9712 2558
9716 3083
9719 874
9720 4840
9721 5194
9722 833
9723 6055
9724 7098
9733 6709
9735 8608
9737 635
9738 2882
9739 6215
9740 1886
9743 7785
9744 3022
9745 6109
9746 8258
9747 7210
9752 3931
9753 887
9755 7195
9756 7207
9758 7378
9759 5283
9764 3232
9765 3281
9767 9725
9768 3131
9772 3283
9773 3816
9781 2824
9782 9898
9783 8762
9784 878
9787 4935
9789 1063
9790 6894
9792 3786
9796 8720
9797 4565
9800 6190
9801 6928
9803 6311
9806 8211
9808 5005
9812 5391
9814 6020
9816 7155
9817 7202
9818 2773
9819 5278
9820 4917
9823 8799
9824 8101
9825 3257
9829 3533
9831 3045
9833 2136
9835 3209
9836 129
9840 6477
9845 111
9846 1931
9848 1882
9851 9450
9854 6056
9856 4167
9857 4613
9861 7986
9865 4237
9867 3174
9875 4621
9876 8272
9878 22
9880 1333
9882 2885
9883 6011
9884 2859
9886 1320
9887 1085
9888 3609
9890 7227
9892 6026
9893 5144
9907 2968
9908 3814
9909 8269
9911 5808
9913 4160
9914 1206
9916 2421
9917 6836
9918 1752
9920 3166
9923 121
9924 6051
9925 8246
9927 5722
9928 9088
9929 1711
9930 2774
9932 8
9933 8460
9934 9146
9935 4816
9936 641
9939 3436
9943 6632
9945 2481
9949 9896
9951 8474
9953 6998
9955 7769
9956 5617
9959 6809
9961 2554
9963 9536
9964 6293
9965 796
9966 5031
9968 9677
9969 9234
9973 7384
9974 9919
9976 3528
9977 693
9978 5496
9979 2909
9980 6496
9981 2453
9982 3518
9983 6402
9987 3048
9989 9431
9990 4431
9991 5584
9996 7175
9999 5495
Emparelhamento: 4655