3 532
14 128
15 958
16 912
17 303
18 109
25 986
31 411
34 455
37 629
42 321
44 416
46 193
47 584
48 938
54 639
62 39
63 412
64 125
65 480
66 404
67 203
71 124
75 43
78 113
83 845
89 436
103 649
104 557
108 615
111 829
112 591
116 444
118 760
119 568
123 470
126 356
131 796
133 929
134 598
137 165
140 906
141 425
143 946
146 561
148 871
149 228
151 797
152 783
158 965
161 315
163 570
167 440
170 70
178 819
181 110
186 963
187 511
189 674
191 59
197 472
198 240
200 990
201 293
206 448
207 482
208 417
212 92
213 749
215 332
217 185
219 345
223 467
224 499
226 830
232 694
233 551
235 380
236 432
238 484
241 275
242 705
243 492
244 550
245 661
247 214
248 666
253 622
256 940
257 645
258 6
259 485
262 255
264 53
265 726
266 52
267 605
268 874
269 617
270 50
272 509
273 519
274 322
278 307
282 481
284 418
285 954
288 366
289 704
291 428
296 844
298 512
299 23
301 100
302 546
304 956
305 501
306 552
318 698
325 761
326 553
327 179
328 202
334 354
335 98
336 571
337 907
340 415
342 117
344 370
347 496
348 365
350 166
351 619
352 984
353 991
358 138
359 595
362 663
364 283
368 180
369 822
372 129
373 541
374 574
376 183
377 785
378 367
379 676
383 324
386 142
387 549
390 144
392 790
396 295
397 644
398 486
401 923
407 434
408 394
410 597
413 681
414 865
419 948
421 919
423 892
424 893
427 866
429 194
433 430
435 225
437 357
438 114
439 57
443 261
446 227
447 910
449 21
450 729
451 941
454 627
456 547
457 611
458 994
459 250
461 899
465 168
474 636
476 68
478 578
483 976
487 99
490 691
491 19
497 466
498 688
503 157
504 263
505 995
506 277
508 477
510 662
513 843
516 588
518 769
520 880
521 406
522 281
523 190
524 132
525 294
527 371
528 507
529 969
530 882
531 624
534 842
536 346
539 160
542 385
543 517
544 463
545 11
555 252
556 218
558 877
559 715
560 159
562 230
563 540
564 420
566 548
567 33
569 211
572 426
573 475
575 620
577 746
580 316
581 700
582 669
583 300
585 286
586 393
587 115
589 384
590 683
593 468
594 13
599 45
602 802
607 985
608 680
609 343
610 537
612 821
614 121
618 405
623 216
625 339
626 838
628 473
630 442
633 616
637 953
638 80
640 391
647 88
648 515
650 723
651 471
652 968
653 460
654 565
655 872
656 643
657 173
658 309
659 229
660 489
664 894
667 873
670 613
672 554
673 188
675 292
677 314
679 747
682 770
684 462
685 780
686 234
687 987
690 330
692 926
693 210
695 973
696 604
699 916
703 150
706 76
708 744
710 409
711 863
712 9
713 388
714 317
716 955
717 772
718 855
720 689
721 156
722 592
727 804
728 260
730 431
731 933
734 834
735 280
736 49
738 668
739 382
740 889
741 139
742 957
743 791
745 881
748 665
752 786
754 860
755 806
756 395
757 331
758 858
759 495
762 538
763 254
764 205
766 338
767 993
768 381
771 174
774 848
777 310
779 51
781 601
787 719
788 980
789 28
792 177
794 375
798 884
799 795
800 641
801 441
803 184
805 73
808 12
809 678
810 195
811 996
812 93
813 600
814 579
816 974
817 967
818 271
820 807
823 204
824 724
827 999
828 341
832 287
833 606
835 297
837 707
839 733
840 127
841 836
846 453
849 147
850 642
851 329
853 631
854 40
856 402
857 182
859 171
861 101
862 488
864 621
867 776
869 852
870 239
875 535
876 209
878 231
879 773
883 635
885 526
886 469
887 445
888 220
890 775
895 36
896 737
897 793
898 145
900 169
901 26
902 162
903 399
904 69
911 323
913 634
914 154
915 493
917 701
918 905
920 868
921 981
922 237
924 319
925 135
927 290
928 751
930 102
931 826
932 86
934 363
935 945
937 778
939 782
942 765
943 702
944 400
947 452
949 576
950 533
951 725
952 959
960 403
961 709
962 196
964 221
966 333
971 464
972 120
975 355
977 514
978 311
979 970
982 479
983 632
989 500
992 172
997 988
998 750
1000 502
Emparelhamento: 459